0 0
0.28 0
0.84 0
1.12 0
1.68 -0.4
2.24 0
2.52 0
2.8 0.4
3.08 0.8
3.08 1.6
3.36 2.4
3.36 2.8
3.36 3.2
3.08 4
3.08 4.4
2.8 4.8
2.52 5.6
2.24 6
2.24 6.4
1.96 6.8
1.4 7.2
1.12 7.6
0.56 7.6
0 8
-0.28 7.6
-0.56 7.6
-1.12 7.6
-1.4 7.6
-1.68 7.2
-1.96 6.8
-2.24 6
-2.52 5.6
-2.8 5.2
-2.8 4.4
-2.8 3.6
-2.8 3.2
-2.8 2.8
-2.52 2.4
-2.52 2
-2.24 1.6
-1.96 1.6
-1.68 1.2
-1.4 0.8
-0.84 0.4
-0.56 0.4
-0.28 0.4
-0.28 0
0 0
0.28 0
2.52 0.4
2.8 1.6
3.08 2.4
3.36 3.6
3.08 4.8
2.8 6
2.52 7.2
1.96 8
1.4 8.8
0.84 9.2
-0.28 9.6
-1.12 9.6
-1.68 9.6
-2.52 8.8
-3.08 8.4
-3.36 7.2
-3.64 6
-3.36 4.8
-2.8 3.6
-2.24 2
-1.68 1.2
-0.56 0.4
0.56 0
1.68 0.4
2.52 1.2
2.8 2.4
3.08 2.4
2.8 2
2.52 1.2
1.68 0.8
0.56 0
-0.56 0.4
-1.68 0.8
-2.24 1.6
-2.52 2.8
-2.52 3.6
-2.24 4
-1.68 4
-0.84 4.4
