0 0
0.411764705882353 -0.384615384615385
0.823529411764706 -0.384615384615385
1.23529411764706 -0.384615384615385
2.05882352941176 -0.384615384615385
2.47058823529412 0
3.29411764705882 0
3.70588235294118 0.384615384615385
4.11764705882353 0.769230769230769
4.11764705882353 1.15384615384615
4.52941176470588 1.92307692307692
4.94117647058824 2.30769230769231
4.94117647058824 2.69230769230769
4.94117647058824 3.46153846153846
4.94117647058824 3.84615384615385
5.35294117647059 4.61538461538462
4.94117647058824 5
4.94117647058824 5.76923076923077
4.94117647058824 6.15384615384615
4.94117647058824 6.53846153846154
4.52941176470588 7.30769230769231
4.11764705882353 8.07692307692308
4.11764705882353 8.46153846153846
3.70588235294118 8.84615384615385
3.29411764705882 9.61538461538462
2.88235294117647 9.61538461538462
2.47058823529412 9.61538461538462
1.23529411764706 9.61538461538462
0.411764705882353 9.23076923076923
0 8.84615384615385
-0.411764705882353 8.46153846153846
-0.823529411764706 8.07692307692308
-1.23529411764706 7.69230769230769
-1.23529411764706 7.30769230769231
-1.23529411764706 6.53846153846154
-1.23529411764706 6.15384615384615
-1.23529411764706 5.76923076923077
-1.23529411764706 5.38461538461539
-1.23529411764706 5
-1.23529411764706 4.61538461538462
-1.64705882352941 4.61538461538462
-1.23529411764706 3.84615384615385
-1.23529411764706 3.46153846153846
-1.23529411764706 3.07692307692308
-1.23529411764706 2.30769230769231
-1.23529411764706 1.92307692307692
-0.823529411764706 1.53846153846154
0 1.53846153846154
0.411764705882353 1.53846153846154
0 1.92307692307692
0 1.53846153846154
