0 0
0.291666666666667 0
0.583333333333333 0
1.16666666666667 -0.454545454545455
1.75 -0.454545454545455
2.625 -0.454545454545455
3.20833333333333 0
3.79166666666667 0.454545454545455
4.08333333333333 0.909090909090909
4.375 1.81818181818182
4.375 2.27272727272727
4.66666666666667 2.72727272727273
4.375 3.63636363636364
4.375 4.09090909090909
4.375 4.54545454545455
4.375 5
4.08333333333333 5.90909090909091
4.08333333333333 6.36363636363636
3.79166666666667 6.81818181818182
3.79166666666667 7.27272727272727
3.5 7.72727272727273
3.5 8.18181818181818
3.20833333333333 8.63636363636364
2.91666666666667 8.63636363636364
2.625 9.09090909090909
2.33333333333333 9.09090909090909
1.75 9.54545454545455
1.45833333333333 9.54545454545455
0.875 9.54545454545455
0.291666666666667 9.54545454545455
-0.291666666666667 9.54545454545455
-0.583333333333333 9.09090909090909
-0.875 9.09090909090909
-1.16666666666667 8.63636363636364
-1.45833333333333 8.18181818181818
-1.75 7.72727272727273
-1.75 7.27272727272727
-2.04166666666667 6.81818181818182
-2.04166666666667 5.90909090909091
-2.04166666666667 5.45454545454545
-2.04166666666667 5
-2.33333333333333 4.54545454545455
-2.04166666666667 3.63636363636364
-2.04166666666667 3.18181818181818
-2.04166666666667 2.72727272727273
-1.75 2.27272727272727
-1.75 1.81818181818182
-1.45833333333333 1.36363636363636
-1.16666666666667 0.909090909090909
-0.875 0.909090909090909
-0.583333333333333 0.909090909090909
-0.291666666666667 0.454545454545455
0 0
0 -0.454545454545455
0.291666666666667 -0.454545454545455
0.291666666666667 0
0.291666666666667 -0.454545454545455
0 0
