0 0
0.388888888888889 -0.384615384615385
0.777777777777778 -0.769230769230769
1.16666666666667 -0.769230769230769
1.55555555555556 -1.15384615384615
1.94444444444444 -1.15384615384615
2.33333333333333 -1.15384615384615
2.72222222222222 -1.15384615384615
2.72222222222222 -0.769230769230769
3.11111111111111 -0.769230769230769
3.5 -0.769230769230769
3.88888888888889 -0.769230769230769
3.88888888888889 -0.384615384615385
4.27777777777778 -0.384615384615385
4.66666666666667 -0.384615384615385
4.66666666666667 0
5.05555555555556 0
5.05555555555556 0.384615384615385
5.44444444444444 0.384615384615385
5.05555555555556 0.769230769230769
5.44444444444444 0.769230769230769
5.44444444444444 1.15384615384615
5.44444444444444 1.53846153846154
5.44444444444444 1.92307692307692
5.83333333333333 1.92307692307692
5.83333333333333 2.30769230769231
5.83333333333333 2.69230769230769
5.83333333333333 3.07692307692308
5.83333333333333 3.46153846153846
5.83333333333333 3.84615384615385
5.83333333333333 4.23076923076923
5.83333333333333 4.61538461538462
5.83333333333333 5
5.44444444444444 5.38461538461539
5.83333333333333 5.38461538461539
5.44444444444444 5.76923076923077
5.44444444444444 6.15384615384615
5.44444444444444 6.53846153846154
5.05555555555556 6.92307692307692
5.05555555555556 7.30769230769231
5.05555555555556 7.69230769230769
4.66666666666667 8.07692307692308
4.66666666666667 8.46153846153846
4.27777777777778 8.46153846153846
3.88888888888889 8.84615384615385
3.5 8.84615384615385
3.11111111111111 8.84615384615385
2.72222222222222 8.84615384615385
2.33333333333333 8.84615384615385
1.94444444444444 8.84615384615385
1.55555555555556 8.84615384615385
1.16666666666667 8.84615384615385
1.16666666666667 8.46153846153846
0.777777777777778 8.46153846153846
0.777777777777778 8.07692307692308
0.388888888888889 8.07692307692308
0 8.07692307692308
0 7.69230769230769
-0.388888888888889 7.30769230769231
-0.777777777777778 6.92307692307692
-0.777777777777778 6.53846153846154
-0.777777777777778 6.15384615384615
-1.16666666666667 6.15384615384615
-0.777777777777778 5.76923076923077
-1.16666666666667 5.76923076923077
-1.16666666666667 5.38461538461539
-1.16666666666667 5
-1.16666666666667 4.61538461538462
-1.16666666666667 4.23076923076923
-1.16666666666667 3.84615384615385
-1.16666666666667 3.46153846153846
-1.16666666666667 3.07692307692308
-1.16666666666667 2.69230769230769
-1.16666666666667 2.30769230769231
-1.16666666666667 1.92307692307692
-1.16666666666667 1.53846153846154
-0.777777777777778 1.15384615384615
-0.777777777777778 0.769230769230769
-0.777777777777778 0.384615384615385
-0.388888888888889 0
0 0
