0 0
0.466666666666667 0
0.466666666666667 -0.4
0.933333333333333 -0.4
1.4 -0.4
1.86666666666667 -0.8
2.33333333333333 -0.8
2.8 -0.8
2.8 -0.4
3.26666666666667 -0.4
3.73333333333333 0
4.2 0
4.2 0.4
4.66666666666667 0.4
4.66666666666667 0.8
4.66666666666667 1.2
5.13333333333333 1.2
5.13333333333333 1.6
5.13333333333333 2
5.13333333333333 2.4
5.13333333333333 2.8
5.6 2.8
5.6 3.2
5.6 3.6
5.6 4
5.6 4.4
5.6 4.8
5.6 5.2
5.6 5.6
5.6 6
5.6 6.4
5.13333333333333 6.8
5.6 6.8
5.13333333333333 7.2
5.13333333333333 7.6
4.66666666666667 8
4.2 8.4
3.73333333333333 8.8
3.26666666666667 8.8
3.26666666666667 9.2
2.8 9.2
2.33333333333333 9.2
1.86666666666667 9.2
1.86666666666667 8.8
1.4 9.2
1.4 8.8
0.933333333333333 8.8
0.933333333333333 8.4
0.466666666666667 8.4
0.466666666666667 8
0 8
0 7.6
-0.466666666666667 7.6
-0.466666666666667 7.2
-0.466666666666667 6.8
-0.933333333333333 6.8
-0.933333333333333 6.4
-0.933333333333333 6
-0.933333333333333 5.6
-0.933333333333333 5.2
-0.933333333333333 4.8
-1.4 4.8
-0.933333333333333 4.4
-1.4 4.4
-0.933333333333333 4
-1.4 4
-1.4 3.6
-1.4 3.2
-1.4 2.8
-1.4 2.4
-1.4 2
-0.933333333333333 1.6
-1.4 1.6
-0.933333333333333 1.2
-0.933333333333333 0.8
-0.466666666666667 0.8
-0.466666666666667 0.4
-0.466666666666667 0.8
-0.466666666666667 0.4
-0.466666666666667 0.8
-0.466666666666667 0.4
-0.466666666666667 0.8
