0 0
0 0
-2 0
-3 0
-4 0
-4 0
-4 0
-5 0
-5 0
-5 0
-6 0
-7 1
-7 1
-7 1
-8 1
-11 3
-11 3
-11 4
-11 5
-13 8
-14 10
-15 15
-16 16
-16 17
-16 20
-16 21
-16 21
-16 22
-17 23
-17 24
-17 24
-17 25
-17 25
-16 27
-16 27
-16 27
-15 29
-15 29
-15 29
-13 32
-13 33
-12 34
-11 34
-11 34
-11 34
-11 34
-10 35
-9 35
-8 35
-6 35
-6 35
-6 36
-4 36
-4 36
-3 36
-1 36
-1 36
0 36
0 36
1 36
2 35
2 35
5 32
7 31
8 30
9 30
9 28
9 25
9 25
9 23
9 23
9 22
9 22
9 19
9 18
10 14
10 13
10 13
10 11
10 11
10 8
10 8
8 4
8 3
6 1
6 1
6 1
5 1
4 0
3 0
3 0
3 0
2 0
-1 0
-3 0
-4 0
-6 0
