0 0
0 0
0 0
-1 0
-1 0
-2 0
-3 0
-5 1
-5 1
-6 1
-6 2
-9 5
-9 5
-9 6
-10 6
-11 9
-11 9
-11 9
-11 9
-11 10
-11 11
-12 13
-12 15
-12 16
-12 20
-12 20
-12 23
-11 26
-10 28
-9 31
-7 33
-5 36
-4 38
-2 38
-2 39
-1 39
0 40
0 40
1 40
3 40
4 40
5 39
6 39
6 39
7 39
8 38
9 37
10 37
14 34
15 33
16 32
17 30
17 30
18 25
18 25
18 24
18 23
18 22
18 19
18 17
18 17
17 16
17 15
17 15
17 14
17 13
17 13
16 11
16 10
14 8
14 8
14 7
13 7
12 5
12 5
11 4
11 4
10 3
10 3
9 3
9 2
9 2
7 2
7 2
7 1
6 1
5 1
5 1
4 1
2 1
2 1
2 1
2 1
1 1
0 0
