0 0
0 0
0 0.27027027027027
0 0.27027027027027
0 0.540540540540541
0 0.810810810810811
0 0.810810810810811
0 1.08108108108108
0 1.35135135135135
0 1.62162162162162
0 1.89189189189189
0 1.89189189189189
0 2.16216216216216
0 2.16216216216216
0 2.43243243243243
0 2.7027027027027
0 2.97297297297297
0 3.24324324324324
0 3.24324324324324
0 3.51351351351351
0 3.51351351351351
0 3.78378378378378
0 3.78378378378378
0 4.05405405405405
0 4.32432432432432
0 4.59459459459459
0 4.86486486486486
0 5.13513513513514
0 5.40540540540541
0 5.67567567567568
0 5.94594594594595
0 5.94594594594595
0 6.21621621621622
0 6.48648648648649
0 6.75675675675676
0 7.02702702702703
0 7.2972972972973
0 7.56756756756757
0 7.56756756756757
0 7.83783783783784
0 7.83783783783784
0 8.10810810810811
0 8.37837837837838
0 8.37837837837838
0 8.64864864864865
0 8.64864864864865
0 8.91891891891892
0 9.18918918918919
0 9.45945945945946
0 9.72972972972973
0 10
