0 0
0 0.263157894736842
0 0.263157894736842
0 0.526315789473684
0 0.526315789473684
0 0.789473684210526
0 0.789473684210526
0 1.05263157894737
0 1.05263157894737
0 1.31578947368421
0 1.57894736842105
0 1.84210526315789
0 2.10526315789474
0 2.36842105263158
0 2.63157894736842
0 2.89473684210526
0 2.89473684210526
0 3.15789473684211
0 3.15789473684211
0 3.42105263157895
0 3.42105263157895
0 3.68421052631579
0 3.68421052631579
0 3.94736842105263
0 4.21052631578947
0 4.47368421052632
0 4.73684210526316
0 5
0 5.26315789473684
0 5.52631578947368
0 5.78947368421053
0 6.05263157894737
0 6.05263157894737
0 6.31578947368421
0 6.57894736842105
0 6.84210526315789
0 7.10526315789474
0 7.36842105263158
0 7.36842105263158
0 7.63157894736842
0 7.89473684210526
0 8.1578947368421
0 8.42105263157895
0 8.68421052631579
0 8.94736842105263
0 9.21052631578947
0 9.47368421052632
0 9.73684210526316
0 10
0 10
0 10
0 9.73684210526316
