0 0
0.291666666666667 -0.384615384615385
0.583333333333333 -0.384615384615385
0.875 -0.769230769230769
1.16666666666667 -0.769230769230769
1.45833333333333 -0.769230769230769
1.75 -0.769230769230769
2.04166666666667 -0.769230769230769
2.33333333333333 -0.769230769230769
2.625 -0.769230769230769
2.91666666666667 -0.769230769230769
2.91666666666667 -0.384615384615385
3.20833333333333 -0.384615384615385
3.5 -0.384615384615385
3.79166666666667 0
3.79166666666667 0.384615384615385
4.08333333333333 0.384615384615385
4.08333333333333 0.769230769230769
4.08333333333333 1.15384615384615
4.375 1.15384615384615
4.375 1.53846153846154
4.375 1.92307692307692
4.375 2.30769230769231
4.375 2.69230769230769
4.375 3.07692307692308
4.08333333333333 3.46153846153846
4.08333333333333 3.84615384615385
3.79166666666667 4.23076923076923
3.5 4.61538461538462
3.20833333333333 5
2.91666666666667 5.38461538461539
2.625 5.76923076923077
2.33333333333333 6.15384615384615
2.04166666666667 6.53846153846154
1.75 6.92307692307692
1.45833333333333 7.30769230769231
1.16666666666667 7.30769230769231
0.875 7.69230769230769
0.583333333333333 7.69230769230769
0.291666666666667 8.07692307692308
0 8.46153846153846
-0.291666666666667 8.84615384615385
-0.583333333333333 8.84615384615385
-0.875 9.23076923076923
-0.583333333333333 9.23076923076923
-0.291666666666667 9.23076923076923
0 9.23076923076923
0.291666666666667 9.23076923076923
0.583333333333333 9.23076923076923
0.875 9.23076923076923
1.45833333333333 9.23076923076923
1.75 9.23076923076923
2.04166666666667 9.23076923076923
2.33333333333333 9.23076923076923
2.625 9.23076923076923
2.91666666666667 9.23076923076923
3.5 9.23076923076923
3.79166666666667 9.23076923076923
4.08333333333333 8.84615384615385
4.375 8.84615384615385
4.66666666666667 8.84615384615385
4.95833333333333 8.84615384615385
5.25 8.84615384615385
5.54166666666667 8.84615384615385
5.83333333333333 8.84615384615385
6.125 8.84615384615385
5.83333333333333 8.84615384615385
