0 0
0 0.416666666666667
0.291666666666667 0
0.291666666666667 -0.416666666666667
0.583333333333333 -0.416666666666667
0.875 -0.833333333333333
1.16666666666667 -0.833333333333333
1.75 -1.25
2.04166666666667 -1.25
2.33333333333333 -1.25
2.91666666666667 -1.25
3.5 -1.25
3.79166666666667 -0.416666666666667
4.08333333333333 -0.833333333333333
4.375 -0.416666666666667
4.66666666666667 0
4.95833333333333 1.25
4.375 1.66666666666667
4.375 2.5
4.08333333333333 2.5
3.79166666666667 3.33333333333333
3.5 3.75
3.20833333333333 4.16666666666667
2.91666666666667 4.58333333333333
2.625 5
2.33333333333333 5.41666666666667
1.75 6.25
1.45833333333333 6.66666666666667
1.16666666666667 6.66666666666667
1.16666666666667 7.08333333333333
0.875 7.5
0.583333333333333 7.91666666666667
0.291666666666667 7.91666666666667
0.291666666666667 8.33333333333333
0.291666666666667 8.75
0.875 8.75
1.16666666666667 8.75
1.75 8.75
2.625 8.33333333333333
3.20833333333333 8.33333333333333
3.79166666666667 8.33333333333333
4.375 8.33333333333333
5.25 8.33333333333333
5.83333333333333 8.33333333333333
6.41666666666667 7.91666666666667
6.70833333333333 7.91666666666667
7 7.91666666666667
