0 0
0 -0.434782608695652
0.411764705882353 -0.434782608695652
0.823529411764706 -0.869565217391304
1.23529411764706 -0.869565217391304
1.64705882352941 -0.869565217391304
2.05882352941176 -0.869565217391304
2.47058823529412 -0.869565217391304
2.47058823529412 -0.434782608695652
2.88235294117647 -0.434782608695652
3.29411764705882 -0.434782608695652
3.29411764705882 0
3.70588235294118 0
3.70588235294118 0.434782608695652
3.70588235294118 0.869565217391304
3.70588235294118 1.30434782608696
4.11764705882353 1.30434782608696
4.11764705882353 1.73913043478261
4.11764705882353 2.17391304347826
3.70588235294118 2.60869565217391
3.70588235294118 3.04347826086957
3.29411764705882 3.47826086956522
3.29411764705882 3.91304347826087
2.88235294117647 4.34782608695652
2.47058823529412 4.78260869565217
2.47058823529412 5.21739130434783
2.05882352941176 5.65217391304348
1.64705882352941 6.08695652173913
1.64705882352941 6.52173913043478
1.23529411764706 6.95652173913043
0.823529411764706 7.39130434782609
0.411764705882353 7.82608695652174
0 8.26086956521739
-0.411764705882353 8.69565217391304
-0.823529411764706 9.1304347826087
-0.411764705882353 8.69565217391304
-0.411764705882353 9.1304347826087
0 8.69565217391304
0.411764705882353 8.69565217391304
0.823529411764706 9.1304347826087
1.23529411764706 9.1304347826087
1.64705882352941 9.1304347826087
2.05882352941176 9.1304347826087
2.47058823529412 9.1304347826087
2.88235294117647 9.1304347826087
3.29411764705882 9.1304347826087
3.70588235294118 9.1304347826087
4.11764705882353 8.69565217391304
4.11764705882353 9.1304347826087
4.52941176470588 9.1304347826087
4.94117647058824 8.69565217391304
4.94117647058824 9.1304347826087
5.35294117647059 9.1304347826087
5.76470588235294 9.1304347826087
6.17647058823529 9.1304347826087
6.17647058823529 8.69565217391304
