0 0
0 -0.384615384615385
0.466666666666667 -0.769230769230769
0.933333333333333 -1.15384615384615
1.4 -1.15384615384615
2.1 -1.53846153846154
2.56666666666667 -1.53846153846154
3.5 -1.53846153846154
3.73333333333333 -0.769230769230769
4.2 -0.384615384615385
4.2 0.384615384615385
4.43333333333333 0.769230769230769
4.43333333333333 1.53846153846154
4.2 1.92307692307692
4.2 2.69230769230769
3.96666666666667 3.07692307692308
3.5 3.84615384615385
3.26666666666667 4.23076923076923
2.8 5
2.56666666666667 5.38461538461539
2.1 5.76923076923077
1.63333333333333 6.53846153846154
1.16666666666667 7.30769230769231
0.933333333333333 7.30769230769231
0.466666666666667 7.69230769230769
0.233333333333333 8.07692307692308
0.466666666666667 8.46153846153846
0.933333333333333 8.46153846153846
1.4 8.46153846153846
2.33333333333333 8.07692307692308
2.8 8.07692307692308
3.5 8.07692307692308
4.2 7.69230769230769
4.9 8.07692307692308
5.36666666666667 8.07692307692308
6.06666666666667 8.07692307692308
6.53333333333333 8.07692307692308
7 8.07692307692308
