0 0
0.4375 0
1.3125 0
2.1875 -0.344827586206897
3.0625 0
4.375 0
5.25 0.344827586206897
5.6875 0.689655172413793
6.125 1.37931034482759
6.125 2.06896551724138
5.6875 2.75862068965517
5.25 3.10344827586207
4.375 3.79310344827586
3.0625 4.13793103448276
2.1875 4.48275862068965
1.3125 4.48275862068965
0.4375 4.82758620689655
0.875 4.48275862068965
1.75 4.48275862068965
2.625 4.48275862068965
3.9375 4.82758620689655
4.8125 5.17241379310345
6.125 5.51724137931035
6.125 6.20689655172414
6.125 7.24137931034483
5.6875 7.93103448275862
5.25 8.62068965517241
3.9375 9.31034482758621
2.625 9.6551724137931
1.3125 9.6551724137931
0 9.6551724137931
-0.875 9.6551724137931
-0.4375 9.6551724137931
0 9.6551724137931
0.4375 9.6551724137931
0.4375 9.31034482758621
