0 0
0.35 -0.3125
5.25 9.6875
0.7 -0.3125
1.05 -0.3125
5.25 9.6875
1.4 -0.3125
1.75 -0.3125
2.1 -0.3125
2.1 0
2.45 0
2.8 0
2.8 0.3125
2.8 0.625
3.15 0.625
3.15 0.9375
3.15 1.25
3.15 1.5625
3.15 1.875
2.8 2.1875
2.8 2.5
2.45 2.8125
2.1 3.125
1.75 3.125
1.4 3.125
1.05 3.4375
0.7 3.4375
0.35 3.4375
0 3.4375
0.35 3.125
0.7 3.125
1.05 3.125
1.4 3.125
1.75 3.125
2.1 3.4375
2.45 3.4375
2.8 3.4375
2.8 3.75
3.5 3.75
3.5 4.0625
3.85 4.0625
3.85 4.375
4.2 4.375
4.2 4.6875
4.55 5
4.55 5.3125
4.55 5.625
4.55 5.9375
4.2 6.25
3.85 6.5625
3.5 6.875
3.15 6.875
2.8 7.1875
2.45 7.1875
2.1 7.5
1.75 7.5
1.4 7.5
1.05 7.5
0.7 7.5
0 7.5
-0.35 7.5
-0.35 7.1875
-0.7 7.1875
-1.05 7.1875
-1.05 6.875
-1.4 6.5625
-1.75 6.5625
-1.4 6.5625
-1.4 6.25
-1.4 6.5625
-1.05 6.25
