0 0
0.538461538461538 -0.384615384615385
1.07692307692308 -0.384615384615385
1.61538461538462 -0.384615384615385
2.69230769230769 -0.384615384615385
3.76923076923077 -0.384615384615385
4.84615384615385 0
5.38461538461539 0
5.92307692307692 0.384615384615385
5.92307692307692 1.15384615384615
5.92307692307692 1.53846153846154
5.38461538461539 1.92307692307692
4.84615384615385 2.30769230769231
4.30769230769231 3.07692307692308
3.23076923076923 3.46153846153846
2.69230769230769 3.84615384615385
1.61538461538462 4.23076923076923
0.538461538461538 4.61538461538462
0 4.61538461538462
0 5
0 4.61538461538462
1.07692307692308 4.61538461538462
2.15384615384615 4.61538461538462
3.23076923076923 4.61538461538462
4.30769230769231 4.61538461538462
5.38461538461539 5
5.92307692307692 5.38461538461539
6.46153846153846 5.76923076923077
6.46153846153846 6.53846153846154
6.46153846153846 7.30769230769231
6.46153846153846 7.69230769230769
5.92307692307692 8.07692307692308
5.38461538461539 8.46153846153846
4.30769230769231 8.84615384615385
3.76923076923077 9.23076923076923
2.69230769230769 9.23076923076923
1.61538461538462 9.61538461538462
1.07692307692308 9.61538461538462
0 9.61538461538462
-0.538461538461538 9.61538461538462
