0 0
0.35 -0.384615384615385
0.7 -0.384615384615385
1.05 -0.769230769230769
1.4 -0.769230769230769
1.75 -0.769230769230769
2.1 -0.769230769230769
2.1 -0.384615384615385
2.45 -0.384615384615385
2.8 0
3.15 0
3.15 0.384615384615385
3.5 0.384615384615385
3.5 0.769230769230769
3.5 1.15384615384615
3.85 1.15384615384615
3.85 1.53846153846154
3.85 1.92307692307692
3.85 2.30769230769231
3.85 2.69230769230769
3.5 3.07692307692308
3.15 3.46153846153846
2.8 3.84615384615385
2.45 4.23076923076923
2.1 4.23076923076923
1.75 4.23076923076923
1.4 4.23076923076923
1.05 4.23076923076923
0.7 4.23076923076923
0.35 4.23076923076923
0 4.23076923076923
0.35 4.23076923076923
0.7 4.23076923076923
1.05 4.23076923076923
1.4 4.23076923076923
1.75 4.23076923076923
2.1 4.23076923076923
2.45 4.23076923076923
2.45 4.61538461538462
2.8 4.61538461538462
3.15 4.61538461538462
3.5 4.61538461538462
3.5 5
3.85 5
3.85 5.38461538461539
4.2 5.76923076923077
4.2 6.15384615384615
4.55 6.15384615384615
4.55 6.53846153846154
4.2 6.92307692307692
4.55 6.92307692307692
4.2 7.30769230769231
4.2 7.69230769230769
3.85 8.07692307692308
3.5 8.46153846153846
3.15 8.46153846153846
2.8 8.46153846153846
2.45 8.84615384615385
2.1 8.84615384615385
1.75 8.84615384615385
1.4 9.23076923076923
0.7 9.23076923076923
0.35 9.23076923076923
0 9.23076923076923
-0.35 9.23076923076923
-1.05 9.23076923076923
-1.4 9.23076923076923
-1.4 8.84615384615385
-1.75 8.46153846153846
-2.1 8.46153846153846
-2.45 8.46153846153846
-2.45 8.07692307692308
-2.1 8.07692307692308
-1.75 8.07692307692308
