0 0
0.4375 0
0.875 0
1.3125 0
2.1875 0
3.0625 0
3.5 0
4.375 0.357142857142857
4.8125 0.714285714285714
5.25 1.07142857142857
5.25 1.78571428571429
4.8125 2.5
4.375 2.85714285714286
3.5 3.57142857142857
2.625 3.92857142857143
1.75 4.28571428571429
0.875 4.64285714285714
0 5
0 4.64285714285714
0.4375 4.64285714285714
1.3125 4.64285714285714
2.1875 4.64285714285714
3.5 4.64285714285714
4.375 4.64285714285714
5.25 5
6.125 5.35714285714286
6.125 6.07142857142857
6.125 6.78571428571429
5.6875 7.5
5.25 8.21428571428571
4.8125 8.92857142857143
4.375 8.92857142857143
3.5 9.28571428571429
2.625 9.64285714285714
1.75 9.64285714285714
0.875 10
0 10
-0.875 10
