0 0
-0.241379310344828 0
-0.241379310344828 0.32258064516129
-0.482758620689655 0.32258064516129
-0.724137931034483 0.645161290322581
-0.96551724137931 1.29032258064516
-1.20689655172414 1.61290322580645
-1.44827586206897 1.93548387096774
-1.68965517241379 2.58064516129032
-1.93103448275862 2.90322580645161
-2.17241379310345 3.2258064516129
-2.41379310344828 3.54838709677419
-2.6551724137931 3.87096774193548
-2.89655172413793 4.19354838709677
-3.13793103448276 4.51612903225806
-3.37931034482759 4.83870967741936
-3.62068965517241 5.16129032258065
-3.62068965517241 5.48387096774194
-3.86206896551724 5.48387096774194
-3.86206896551724 5.80645161290323
-3.62068965517241 5.80645161290323
-3.13793103448276 5.80645161290323
-2.6551724137931 5.48387096774194
-2.17241379310345 5.80645161290323
-1.44827586206897 5.48387096774194
-0.96551724137931 5.48387096774194
-0.241379310344828 5.48387096774194
0.241379310344828 5.48387096774194
0.724137931034483 5.48387096774194
1.44827586206897 5.48387096774194
1.93103448275862 5.48387096774194
2.41379310344828 5.48387096774194
2.6551724137931 5.48387096774194
3.13793103448276 5.16129032258065
0.241379310344828 0.32258064516129
0.241379310344828 0.645161290322581
0.241379310344828 0.967741935483871
0 1.61290322580645
0.241379310344828 1.93548387096774
0 2.58064516129032
0.241379310344828 3.2258064516129
0.241379310344828 3.54838709677419
0.241379310344828 4.51612903225806
0 5.16129032258065
0.241379310344828 5.48387096774194
0 6.12903225806452
0 6.7741935483871
0 7.41935483870968
0 8.06451612903226
0 8.70967741935484
0 9.35483870967742
0.241379310344828 10
