0 0
0 0.2
-0.333333333333333 0.2
-0.333333333333333 0.4
-0.666666666666667 0.4
-0.666666666666667 0.6
-0.666666666666667 0.8
-1 0.8
-1 1
-1 1.2
-1.33333333333333 1.2
-1.33333333333333 1.4
-1.66666666666667 1.6
-1.66666666666667 1.8
-2 1.8
-2 2
-2 2.2
-2 2.4
-2.33333333333333 2.4
-2.33333333333333 2.6
-2.66666666666667 2.6
-2.66666666666667 2.8
-2.66666666666667 3
-3 3
-3 3.2
-3.33333333333333 3.2
-3.33333333333333 3.4
-3.33333333333333 3.6
-3.66666666666667 3.6
-3.66666666666667 3.8
-4 3.8
-3.66666666666667 3.8
-3.33333333333333 3.8
-3 3.8
-2.66666666666667 3.8
-2.66666666666667 3.6
-2.33333333333333 3.8
-2.33333333333333 3.6
-2 3.8
-2 3.6
-1.66666666666667 3.8
-1.66666666666667 3.6
-1.33333333333333 3.6
-1 3.6
-0.666666666666667 3.6
-0.333333333333333 3.6
0 3.6
0.333333333333333 3.6
0.666666666666667 3.6
1 3.6
1.33333333333333 3.6
1.66666666666667 3.6
2 3.6
2.33333333333333 3.6
2.66666666666667 3.8
2.66666666666667 3.6
3 3.6
1.33333333333333 0.4
1.33333333333333 0.6
1.33333333333333 0.8
1.33333333333333 1
1.33333333333333 1.2
1.33333333333333 1.4
1.33333333333333 1.6
1.33333333333333 1.8
1 1.8
1.33333333333333 2
1 2
1 2.2
1 2.4
1 2.6
1 2.8
1 3
1 3.2
1 3.4
1 3.6
1 4
1 4.2
1 4.4
1 4.8
1 5
1 5.2
1 5.4
1 5.8
1 6
1 6.2
1 6.4
1 6.6
1 6.8
1 7
1.33333333333333 7.2
1 7.2
1.33333333333333 7.4
1 7.4
1 7.2
1 7
0.333333333333333 9.6
-0.333333333333333 9.6
0.333333333333333 10
-0.333333333333333 9.4
0.333333333333333 9.8
0 9.4
