0 0
-0.318181818181818 0
-0.636363636363636 0.303030303030303
-0.954545454545455 0.606060606060606
-0.954545454545455 0.909090909090909
-1.27272727272727 1.21212121212121
-1.27272727272727 1.51515151515152
-1.59090909090909 1.81818181818182
-1.59090909090909 2.12121212121212
-1.90909090909091 2.42424242424242
-1.90909090909091 2.72727272727273
-2.22727272727273 3.03030303030303
-2.22727272727273 3.33333333333333
-2.22727272727273 3.63636363636364
-2.54545454545455 3.63636363636364
-2.54545454545455 3.93939393939394
-2.86363636363636 4.24242424242424
-2.86363636363636 4.54545454545455
-3.18181818181818 4.84848484848485
-3.18181818181818 5.15151515151515
-3.5 5.15151515151515
-3.5 5.45454545454545
-3.81818181818182 5.75757575757576
-3.81818181818182 6.06060606060606
-3.5 6.06060606060606
-3.5 5.75757575757576
-3.18181818181818 5.75757575757576
-2.86363636363636 5.75757575757576
-2.54545454545455 5.75757575757576
-2.22727272727273 5.75757575757576
-1.90909090909091 5.45454545454545
-1.90909090909091 5.75757575757576
-1.59090909090909 5.75757575757576
-1.27272727272727 5.75757575757576
-0.954545454545455 5.75757575757576
-0.636363636363636 5.75757575757576
-0.318181818181818 5.75757575757576
0 5.75757575757576
0.318181818181818 5.75757575757576
0.636363636363636 5.75757575757576
0.954545454545455 5.75757575757576
1.27272727272727 5.75757575757576
1.59090909090909 5.75757575757576
1.90909090909091 5.75757575757576
2.22727272727273 5.75757575757576
2.54545454545455 5.75757575757576
2.86363636363636 5.75757575757576
2.86363636363636 6.06060606060606
3.18181818181818 5.75757575757576
2.86363636363636 6.06060606060606
0.954545454545455 0
0.954545454545455 0.303030303030303
1.27272727272727 0
0.954545454545455 0.303030303030303
0.954545454545455 0.606060606060606
0.954545454545455 0.909090909090909
0.954545454545455 1.21212121212121
0.954545454545455 1.51515151515152
0.954545454545455 1.81818181818182
0.954545454545455 2.12121212121212
0.954545454545455 2.42424242424242
0.954545454545455 2.72727272727273
0.954545454545455 3.03030303030303
0.954545454545455 3.33333333333333
0.954545454545455 3.63636363636364
0.954545454545455 3.93939393939394
0.954545454545455 4.24242424242424
0.636363636363636 4.54545454545455
0.954545454545455 4.54545454545455
0.636363636363636 4.84848484848485
0.954545454545455 4.84848484848485
0.636363636363636 5.15151515151515
0.636363636363636 5.45454545454545
0.636363636363636 5.75757575757576
0.636363636363636 6.06060606060606
0.636363636363636 6.36363636363636
0.636363636363636 6.66666666666667
0.636363636363636 6.96969696969697
0.636363636363636 7.27272727272727
0.318181818181818 7.57575757575758
0.318181818181818 7.87878787878788
0.318181818181818 8.18181818181818
0.318181818181818 8.48484848484848
0 8.78787878787879
0 9.09090909090909
0 9.39393939393939
-0.318181818181818 9.6969696969697
-0.318181818181818 10
0 9.6969696969697
-0.318181818181818 9.6969696969697
0 9.39393939393939
0 9.09090909090909
0 8.78787878787879
