0 0
-0.291666666666667 0.3125
-0.583333333333333 0.625
-0.875 0.9375
-1.16666666666667 1.25
-1.45833333333333 1.5625
-1.75 1.875
-2.04166666666667 2.5
-2.33333333333333 2.8125
-2.625 3.125
-2.625 3.4375
-2.91666666666667 3.75
-2.91666666666667 4.0625
-3.20833333333333 4.375
-2.91666666666667 4.375
-3.20833333333333 4.6875
-3.20833333333333 5
-2.625 5
-2.04166666666667 5
-1.45833333333333 5
-0.583333333333333 4.6875
0 4.6875
0.875 4.6875
1.75 4.6875
2.625 4.6875
3.20833333333333 4.6875
3.79166666666667 4.6875
3.5 4.6875
3.20833333333333 4.6875
2.91666666666667 5
1.45833333333333 0.9375
1.45833333333333 0.625
1.16666666666667 0.625
1.16666666666667 0.9375
1.16666666666667 1.25
0.875 1.875
1.16666666666667 2.1875
1.16666666666667 2.8125
1.16666666666667 3.75
1.16666666666667 4.375
1.16666666666667 5.3125
1.16666666666667 5.9375
1.16666666666667 6.875
1.16666666666667 7.8125
1.16666666666667 8.4375
1.16666666666667 9.0625
1.16666666666667 9.6875
1.16666666666667 10
