0 0
-0.241379310344828 0.285714285714286
-0.482758620689655 0.571428571428571
-0.724137931034483 0.857142857142857
-0.96551724137931 1.14285714285714
-1.20689655172414 1.42857142857143
-1.44827586206897 2
-1.68965517241379 2.28571428571429
-1.93103448275862 2.57142857142857
-2.41379310344828 2.85714285714286
-2.41379310344828 3.14285714285714
-2.6551724137931 3.42857142857143
-2.89655172413793 3.71428571428571
-2.89655172413793 4
-3.13793103448276 4.28571428571429
-3.13793103448276 4.57142857142857
-3.37931034482759 5.14285714285714
-3.13793103448276 5.42857142857143
-2.89655172413793 5.14285714285714
-2.41379310344828 5.14285714285714
-1.93103448275862 4.85714285714286
-1.20689655172414 5.14285714285714
-0.482758620689655 5.14285714285714
0.241379310344828 5.14285714285714
0.96551724137931 4.85714285714286
1.68965517241379 4.85714285714286
2.41379310344828 4.85714285714286
2.89655172413793 4.85714285714286
3.37931034482759 4.85714285714286
3.62068965517241 4.85714285714286
3.37931034482759 4.85714285714286
1.20689655172414 -0.285714285714286
0.96551724137931 -0.285714285714286
0.96551724137931 0
0.96551724137931 0.285714285714286
0.96551724137931 0.571428571428571
0.96551724137931 1.14285714285714
0.96551724137931 1.42857142857143
0.96551724137931 2
0.96551724137931 2.85714285714286
0.96551724137931 3.42857142857143
0.96551724137931 4
0.96551724137931 4.57142857142857
0.96551724137931 5.14285714285714
0.96551724137931 5.42857142857143
0.96551724137931 6
0.96551724137931 6.57142857142857
0.96551724137931 7.42857142857143
0.96551724137931 8
0.96551724137931 8.57142857142857
0.96551724137931 9.42857142857143
0.96551724137931 9.71428571428571
