0 0
-0.333333333333333 0.357142857142857
-0.666666666666667 1.07142857142857
-0.666666666666667 1.42857142857143
-1 1.78571428571429
-1.33333333333333 2.5
-1.66666666666667 2.85714285714286
-2 3.21428571428571
-2.33333333333333 3.57142857142857
-2.33333333333333 3.92857142857143
-2.33333333333333 4.28571428571429
-1.66666666666667 4.28571428571429
-1 4.28571428571429
-0.333333333333333 3.92857142857143
0.333333333333333 4.28571428571429
1 4.28571428571429
1.66666666666667 4.28571428571429
2 4.64285714285714
2.33333333333333 5
2.66666666666667 5.35714285714286
2.66666666666667 6.07142857142857
2.66666666666667 6.42857142857143
2.33333333333333 6.78571428571429
2.33333333333333 7.14285714285714
2 7.5
1.66666666666667 8.21428571428571
1.33333333333333 8.57142857142857
0.666666666666667 8.92857142857143
0.333333333333333 9.28571428571429
0 9.64285714285714
-0.666666666666667 9.64285714285714
-1.33333333333333 10
-2 9.64285714285714
-2.66666666666667 9.64285714285714
-3 9.28571428571429
-3 8.92857142857143
-2.66666666666667 8.92857142857143
-2.66666666666667 9.28571428571429
0.333333333333333 2.5
0.333333333333333 2.14285714285714
0 1.78571428571429
0 2.14285714285714
0.333333333333333 1.78571428571429
0.666666666666667 2.14285714285714
1.33333333333333 2.14285714285714
1.66666666666667 2.14285714285714
2.33333333333333 2.14285714285714
3 1.78571428571429
3.33333333333333 1.78571428571429
3.66666666666667 1.78571428571429
4 1.78571428571429
3.66666666666667 2.14285714285714
3.66666666666667 2.5
3.33333333333333 2.5
