0 0
-0.368421052631579 0
0 0
-0.368421052631579 0.625
-0.368421052631579 0.9375
-0.736842105263158 1.5625
-0.736842105263158 1.875
-1.10526315789474 2.5
-1.47368421052632 2.8125
-1.47368421052632 3.4375
-1.84210526315789 3.75
-1.84210526315789 4.0625
-2.21052631578947 4.375
-1.84210526315789 4.375
-1.47368421052632 4.375
-1.10526315789474 4.375
-0.368421052631579 4.0625
0.368421052631579 4.0625
1.10526315789474 4.0625
1.84210526315789 4.0625
2.21052631578947 4.375
2.57894736842105 4.6875
2.94736842105263 5
3.31578947368421 5.3125
3.68421052631579 5.9375
3.68421052631579 6.25
3.68421052631579 6.875
3.68421052631579 7.5
3.31578947368421 8.125
3.31578947368421 8.4375
2.57894736842105 8.75
1.84210526315789 9.375
1.10526315789474 9.6875
0.736842105263158 9.6875
0 9.6875
-0.368421052631579 10
-1.10526315789474 10
-1.84210526315789 10
-2.21052631578947 10
-2.57894736842105 10
-2.94736842105263 9.6875
-3.31578947368421 9.6875
-2.94736842105263 9.6875
-3.31578947368421 9.375
-0.736842105263158 1.25
-0.368421052631579 1.25
-0.368421052631579 1.5625
0 1.5625
0.736842105263158 1.25
1.47368421052632 1.25
1.84210526315789 1.25
2.21052631578947 1.25
2.94736842105263 0.9375
3.31578947368421 0.9375
3.68421052631579 0.9375
