0 0
-0.466666666666667 0.37037037037037
-0.933333333333333 0.740740740740741
-0.933333333333333 1.11111111111111
-1.4 1.85185185185185
-1.86666666666667 2.59259259259259
-2.33333333333333 2.96296296296296
-2.8 3.33333333333333
-2.8 3.7037037037037
-2.33333333333333 3.7037037037037
-1.4 3.33333333333333
-0.933333333333333 3.33333333333333
0 3.33333333333333
0.466666666666667 3.33333333333333
1.4 3.33333333333333
1.86666666666667 3.7037037037037
2.33333333333333 4.07407407407407
3.26666666666667 4.44444444444444
3.26666666666667 5.18518518518519
3.26666666666667 5.55555555555556
3.26666666666667 6.2962962962963
3.26666666666667 6.66666666666667
3.26666666666667 7.03703703703704
2.8 7.77777777777778
2.33333333333333 8.14814814814815
1.86666666666667 8.51851851851852
1.4 8.88888888888889
0.933333333333333 9.25925925925926
0.466666666666667 9.25925925925926
0 9.62962962962963
-0.466666666666667 9.62962962962963
-0.933333333333333 9.62962962962963
-1.86666666666667 10
-2.33333333333333 10
-2.8 10
-3.26666666666667 9.62962962962963
-0.466666666666667 0.37037037037037
0 0.37037037037037
0 0.740740740740741
0.466666666666667 0.740740740740741
0.933333333333333 0.740740740740741
1.4 0.740740740740741
1.86666666666667 0.740740740740741
2.33333333333333 0.740740740740741
2.8 0.740740740740741
3.26666666666667 0.740740740740741
3.73333333333333 0.740740740740741
