0 0
-0.333333333333333 0.175438596491228
-0.333333333333333 0
-0.333333333333333 0.175438596491228
-0.666666666666667 0.350877192982456
-0.666666666666667 0.526315789473684
-1 0.701754385964912
-1.33333333333333 0.87719298245614
-1.33333333333333 1.05263157894737
-1.66666666666667 1.2280701754386
-1.66666666666667 1.40350877192982
-2 1.57894736842105
-1.66666666666667 1.57894736842105
-2 1.75438596491228
-1.66666666666667 1.75438596491228
-1.33333333333333 1.75438596491228
-1 1.75438596491228
-0.666666666666667 1.57894736842105
-0.666666666666667 1.75438596491228
-0.333333333333333 1.57894736842105
-0.333333333333333 1.75438596491228
0 1.75438596491228
0.333333333333333 1.75438596491228
0.666666666666667 1.75438596491228
1 1.92982456140351
1.33333333333333 1.92982456140351
1.66666666666667 1.92982456140351
1.66666666666667 2.10526315789474
2 2.10526315789474
2.33333333333333 2.10526315789474
2.33333333333333 2.28070175438596
2.66666666666667 2.28070175438596
3 2.28070175438596
3 2.45614035087719
3 2.63157894736842
3.33333333333333 2.63157894736842
3.33333333333333 2.80701754385965
3.66666666666667 2.80701754385965
3.33333333333333 2.98245614035088
3.33333333333333 3.15789473684211
3.33333333333333 3.33333333333333
3.33333333333333 3.50877192982456
3 3.68421052631579
2.66666666666667 3.85964912280702
2.33333333333333 4.03508771929825
2 4.03508771929825
1.66666666666667 4.21052631578947
1.33333333333333 4.21052631578947
1 4.21052631578947
0.666666666666667 4.21052631578947
0.333333333333333 4.21052631578947
0 4.21052631578947
-0.333333333333333 4.21052631578947
-0.666666666666667 4.21052631578947
-1 4.21052631578947
-1.33333333333333 4.21052631578947
-1.66666666666667 4.21052631578947
-1.33333333333333 4.21052631578947
-1.33333333333333 4.3859649122807
-1.33333333333333 4.21052631578947
0 -0.175438596491228
-0.333333333333333 -0.175438596491228
0 -0.175438596491228
-0.333333333333333 0
0 -0.175438596491228
0 0
0.333333333333333 -0.175438596491228
0.333333333333333 0
0.666666666666667 -0.175438596491228
1 -0.175438596491228
1 0
1.33333333333333 0
1.66666666666667 0
2 0
2.33333333333333 0
2.66666666666667 0
3 0
0 6.84210526315789
-3.33333333333333 6.84210526315789
-3.33333333333333 6.66666666666667
0 0
-1.66666666666667 9.12280701754386
-1.66666666666667 9.29824561403509
-1.33333333333333 9.29824561403509
-1.33333333333333 9.47368421052632
-1.33333333333333 9.82456140350877
