0 0
0 0.303030303030303
-0.388888888888889 0.606060606060606
-0.388888888888889 0.909090909090909
-0.777777777777778 1.21212121212121
-1.16666666666667 1.51515151515152
-1.16666666666667 1.81818181818182
-1.55555555555556 2.12121212121212
-1.55555555555556 2.42424242424242
-1.94444444444444 2.72727272727273
-1.94444444444444 3.03030303030303
-2.33333333333333 3.33333333333333
-2.33333333333333 3.63636363636364
-2.33333333333333 3.93939393939394
-2.72222222222222 4.24242424242424
-2.72222222222222 4.54545454545455
-2.33333333333333 4.54545454545455
-1.94444444444444 4.24242424242424
-1.55555555555556 4.24242424242424
-1.16666666666667 4.24242424242424
-0.777777777777778 4.24242424242424
-0.388888888888889 4.24242424242424
0 4.24242424242424
0 4.54545454545455
0.388888888888889 4.54545454545455
0.777777777777778 4.54545454545455
1.16666666666667 4.84848484848485
1.55555555555556 5.15151515151515
1.94444444444444 5.15151515151515
2.33333333333333 5.45454545454545
2.33333333333333 5.75757575757576
2.72222222222222 6.06060606060606
3.11111111111111 6.36363636363636
3.11111111111111 6.66666666666667
3.5 6.66666666666667
3.5 6.96969696969697
3.5 7.27272727272727
3.5 7.57575757575758
3.88888888888889 7.57575757575758
3.88888888888889 7.87878787878788
3.88888888888889 8.18181818181818
3.5 8.48484848484848
3.11111111111111 8.78787878787879
2.72222222222222 9.09090909090909
2.33333333333333 9.09090909090909
1.94444444444444 9.09090909090909
1.55555555555556 9.39393939393939
1.16666666666667 9.39393939393939
0.777777777777778 9.39393939393939
0 9.6969696969697
-0.388888888888889 9.6969696969697
-0.777777777777778 9.6969696969697
-1.16666666666667 9.6969696969697
-1.55555555555556 9.6969696969697
-1.55555555555556 9.39393939393939
-1.94444444444444 9.39393939393939
-2.33333333333333 9.39393939393939
-2.72222222222222 9.39393939393939
-2.72222222222222 9.6969696969697
-2.72222222222222 10
-2.33333333333333 9.6969696969697
-2.33333333333333 9.39393939393939
-0.388888888888889 0.909090909090909
0 0.909090909090909
0.388888888888889 0.909090909090909
0.777777777777778 0.909090909090909
1.16666666666667 0.909090909090909
1.55555555555556 0.909090909090909
1.94444444444444 0.909090909090909
2.33333333333333 0.909090909090909
2.72222222222222 0.909090909090909
2.72222222222222 1.21212121212121
3.5 1.21212121212121
3.88888888888889 1.21212121212121
4.27777777777778 1.21212121212121
