0 0
-0.35 0.32258064516129
-0.35 0.645161290322581
-0.7 0.967741935483871
-1.05 1.29032258064516
-1.05 1.61290322580645
-1.05 1.93548387096774
-1.4 2.25806451612903
-1.4 2.58064516129032
-1.75 2.90322580645161
-1.75 3.2258064516129
-1.75 3.54838709677419
-2.1 3.87096774193548
-2.1 4.19354838709677
-2.45 4.51612903225806
-2.45 4.83870967741936
-2.8 5.16129032258065
-2.8 5.48387096774194
-2.8 5.80645161290323
-2.8 6.12903225806452
-2.8 6.45161290322581
-2.8 6.7741935483871
-2.8 7.74193548387097
-2.45 7.74193548387097
-2.45 8.06451612903226
-2.45 8.38709677419355
-2.1 8.70967741935484
-2.1 9.03225806451613
-1.75 9.03225806451613
-1.75 9.35483870967742
-1.4 9.35483870967742
-1.05 9.35483870967742
-1.05 9.67741935483871
-0.7 9.67741935483871
-0.35 9.67741935483871
0 10
0.35 10
0.7 10
1.05 10
1.4 10
1.75 10
2.1 9.67741935483871
2.45 9.67741935483871
2.8 9.35483870967742
3.15 9.03225806451613
3.5 8.70967741935484
3.85 8.38709677419355
4.2 8.38709677419355
4.2 8.06451612903226
4.2 7.41935483870968
4.2 7.09677419354839
4.2 6.7741935483871
3.85 6.7741935483871
3.85 6.45161290322581
3.5 6.45161290322581
2.8 6.12903225806452
2.45 6.12903225806452
2.1 6.12903225806452
2.1 5.80645161290323
1.75 5.80645161290323
1.4 5.80645161290323
1.05 5.80645161290323
0.7 5.80645161290323
0.7 5.48387096774194
0.35 5.48387096774194
0 5.48387096774194
-0.35 5.48387096774194
-0.7 5.48387096774194
-1.05 5.48387096774194
-1.4 5.80645161290323
-1.75 5.80645161290323
-2.1 5.80645161290323
-2.45 6.12903225806452
-2.8 6.45161290322581
-2.8 6.7741935483871
-2.45 6.45161290322581
-2.45 6.7741935483871
-2.1 6.45161290322581
