0 0
0.4375 0
0 0
0.4375 0
0.4375 -0.37037037037037
0 0
-0.4375 0.37037037037037
-0.875 0.37037037037037
-0.875 0.740740740740741
-1.3125 0.740740740740741
-1.3125 1.11111111111111
-1.75 1.48148148148148
-2.1875 1.85185185185185
-2.1875 2.22222222222222
-2.625 2.59259259259259
-3.0625 2.96296296296296
-3.0625 3.33333333333333
-3.5 4.07407407407407
-3.5 4.44444444444444
-3.9375 4.81481481481481
-3.9375 5.18518518518519
-4.375 5.55555555555556
-4.375 5.92592592592593
-4.375 6.2962962962963
-4.375 6.66666666666667
-4.375 7.03703703703704
-4.375 7.40740740740741
-4.375 7.77777777777778
-4.375 8.14814814814815
-4.375 8.51851851851852
-3.9375 8.51851851851852
-3.9375 8.88888888888889
-3.5 8.88888888888889
-3.0625 8.88888888888889
-3.0625 9.25925925925926
-2.625 9.25925925925926
-2.1875 9.25925925925926
-2.1875 9.62962962962963
-1.75 9.62962962962963
-1.3125 9.62962962962963
-0.875 9.62962962962963
-0.4375 9.62962962962963
0 9.62962962962963
0.4375 9.25925925925926
0.875 8.88888888888889
1.3125 8.88888888888889
1.75 8.51851851851852
2.1875 8.14814814814815
2.1875 7.77777777777778
2.625 7.40740740740741
2.625 7.03703703703704
2.625 6.66666666666667
2.625 6.2962962962963
2.1875 6.2962962962963
1.75 6.2962962962963
1.75 5.92592592592593
1.3125 5.92592592592593
0.875 5.92592592592593
0.875 5.55555555555556
0.4375 5.55555555555556
0 5.55555555555556
-0.4375 5.55555555555556
-0.4375 5.18518518518519
-0.875 5.55555555555556
-0.875 5.18518518518519
-1.3125 5.18518518518519
-1.75 5.18518518518519
-2.1875 5.55555555555556
-2.625 5.55555555555556
-3.0625 5.92592592592593
