0 0
-1 1
-1 1
-2 3
-2 3
-3 3
-3 4
-5 5
-5 6
-5 6
-6 7
-6 8
-7 8
-7 9
-7 9
-9 11
-10 13
-12 17
-13 20
-14 22
-14 22
-14 26
-14 26
-14 27
-14 27
-14 29
-14 31
-14 31
-13 34
-13 35
-13 36
-13 37
-12 37
-12 37
-12 37
-11 38
-11 38
-11 38
-11 38
-9 38
-8 39
-4 39
-3 39
-1 38
0 38
0 38
1 38
2 36
4 33
4 32
5 29
5 29
5 29
4 27
4 27
4 26
4 26
3 25
3 25
3 25
3 25
1 24
1 24
0 23
0 22
-1 22
-2 22
-2 22
-2 22
-2 22
-2 22
-3 22
-4 22
-5 22
-5 22
-7 22
-7 22
-8 22
-8 22
-8 22
-9 22
-9 23
-9 23
-10 23
-11 23
