0 0
-0.466666666666667 0.344827586206897
-0.933333333333333 0.689655172413793
-1.4 1.03448275862069
-1.86666666666667 1.37931034482759
-1.86666666666667 1.72413793103448
-2.33333333333333 2.06896551724138
-2.8 2.75862068965517
-3.26666666666667 3.10344827586207
-3.73333333333333 3.79310344827586
-3.73333333333333 4.13793103448276
-4.2 4.82758620689655
-4.2 5.17241379310345
-4.2 5.86206896551724
-4.2 6.55172413793103
-4.2 6.89655172413793
-4.2 7.58620689655172
-4.2 8.27586206896552
-3.73333333333333 8.62068965517241
-3.26666666666667 9.31034482758621
-2.8 9.31034482758621
-2.33333333333333 9.6551724137931
-1.4 10
-0.466666666666667 10
0.466666666666667 10
1.4 9.6551724137931
1.86666666666667 9.6551724137931
2.33333333333333 9.31034482758621
2.33333333333333 8.62068965517241
2.8 7.93103448275862
2.33333333333333 7.24137931034483
2.33333333333333 6.55172413793103
1.86666666666667 5.86206896551724
0.933333333333333 5.86206896551724
0.466666666666667 5.17241379310345
-0.466666666666667 5.17241379310345
-0.933333333333333 4.82758620689655
-1.86666666666667 4.82758620689655
-2.33333333333333 5.17241379310345
-2.8 5.17241379310345
-3.26666666666667 5.17241379310345
