0 0
0 0.357142857142857
-1 0.714285714285714
-1.5 1.07142857142857
-2 1.78571428571429
-2.5 2.14285714285714
-3.5 2.5
-4 3.21428571428571
-4.5 3.92857142857143
-4.5 4.64285714285714
-5 5.35714285714286
-5 6.07142857142857
-5 6.78571428571429
-5 7.5
-5 7.85714285714286
-4.5 8.57142857142857
-4 8.92857142857143
-3.5 9.28571428571429
-3 9.64285714285714
-2.5 10
-1.5 10
-0.5 10
0 9.64285714285714
0.5 9.28571428571429
1.5 8.57142857142857
1.5 8.21428571428571
2 7.5
2 6.78571428571429
1.5 6.42857142857143
1 5.71428571428571
0.5 5.35714285714286
-0.5 5
-1 4.64285714285714
-2 4.64285714285714
-3 4.28571428571429
-3.5 4.28571428571429
-4.5 4.64285714285714
