0 1
-2 3
-2 3
-2 3
-3 4
-3 5
-4 6
-5 7
-5 8
-6 8
-6 9
-6 9
-7 10
-11 15
-12 17
-12 18
-13 20
-13 22
-13 23
-13 23
-14 24
-14 29
-14 31
-13 33
-13 35
-13 35
-13 35
-13 36
-12 37
-12 38
-12 39
-12 39
-9 41
-8 41
-7 41
-6 41
-5 41
-4 41
-3 41
-2 41
-1 41
0 41
1 41
4 41
4 41
5 40
5 40
6 39
9 35
9 33
9 32
10 32
10 30
10 29
10 29
10 28
10 28
9 28
9 27
9 27
8 26
7 25
7 24
4 23
3 22
0 21
-4 21
-5 21
-7 21
-8 21
-9 21
-10 21
-10 21
-10 21
-11 22
-12 22
-13 23
