0 0
-0.5 0
-1 0.333333333333333
-1.5 0.333333333333333
-2.5 0.666666666666667
-3 0.666666666666667
-3.5 1
-4 1.33333333333333
-4.5 1.66666666666667
-5 2
-5.5 2.33333333333333
-6 3
-6 3.33333333333333
-6.5 4
-6.5 4.33333333333333
-7 5
-7 5.33333333333333
-7 5.66666666666667
-7 6.33333333333333
-7 7
-7 7.66666666666667
-7 8
-6.5 8.33333333333333
-6.5 9
-6 9
-5.5 9.66666666666667
-4.5 9.66666666666667
-4 10
-3 10
-2.5 10
-1.5 9.66666666666667
-1 9.33333333333333
-0.5 8.66666666666667
-0.5 8.33333333333333
0 7.66666666666667
0 7
-0.5 6.66666666666667
-1 6.33333333333333
-1.5 6
-2 5.66666666666667
-3 5.33333333333333
-4 5.33333333333333
-4.5 5
-5 5
-5.5 5.33333333333333
