0 0
0.411764705882353 0
0.823529411764706 0
1.23529411764706 0
2.05882352941176 0
3.29411764705882 -0.37037037037037
4.11764705882353 -0.37037037037037
4.94117647058824 -0.37037037037037
5.76470588235294 -0.37037037037037
6.17647058823529 -0.37037037037037
6.58823529411765 -0.37037037037037
7 0
6.58823529411765 0.37037037037037
6.58823529411765 0.740740740740741
6.17647058823529 1.48148148148148
5.76470588235294 2.22222222222222
5.35294117647059 3.33333333333333
4.94117647058824 3.7037037037037
4.94117647058824 4.44444444444444
4.52941176470588 5.18518518518519
4.11764705882353 5.92592592592593
4.11764705882353 6.66666666666667
3.70588235294118 7.03703703703704
3.29411764705882 7.77777777777778
3.29411764705882 8.51851851851852
2.88235294117647 9.25925925925926
2.88235294117647 9.62962962962963
