0 0
0.411764705882353 0.416666666666667
0.823529411764706 0.416666666666667
1.64705882352941 0.416666666666667
2.05882352941176 0.416666666666667
3.29411764705882 0
4.11764705882353 0
5.35294117647059 -0.416666666666667
5.76470588235294 -0.416666666666667
6.58823529411765 -0.416666666666667
7 -0.416666666666667
7 0
6.58823529411765 0
6.58823529411765 0.416666666666667
6.17647058823529 0.833333333333333
5.76470588235294 1.25
5.35294117647059 1.66666666666667
5.35294117647059 2.08333333333333
5.35294117647059 2.5
4.94117647058824 3.33333333333333
4.94117647058824 3.75
4.94117647058824 4.58333333333333
4.94117647058824 5
4.52941176470588 5.83333333333333
4.52941176470588 6.25
4.52941176470588 6.66666666666667
4.52941176470588 7.08333333333333
4.52941176470588 7.91666666666667
4.11764705882353 8.33333333333333
4.11764705882353 8.75
4.11764705882353 9.58333333333333
