0 0
0.28 0
0.84 0
1.4 0
2.24 -0.294117647058824
2.8 -0.294117647058824
3.64 -0.294117647058824
4.48 -0.294117647058824
5.04 -0.294117647058824
5.88 -0.294117647058824
6.44 -0.294117647058824
6.72 0
7 0
6.72 0.294117647058824
6.72 0.588235294117647
6.16 1.17647058823529
6.16 1.47058823529412
5.88 1.76470588235294
5.6 2.35294117647059
5.32 2.64705882352941
5.04 2.94117647058824
5.04 3.23529411764706
4.76 3.82352941176471
4.76 4.41176470588235
4.48 4.70588235294118
4.48 5
3.92 5.58823529411765
3.92 5.88235294117647
3.64 6.17647058823529
3.36 6.47058823529412
3.36 7.05882352941176
3.08 7.35294117647059
3.08 7.94117647058824
2.8 8.52941176470588
2.8 8.82352941176471
2.52 9.41176470588235
2.24 9.41176470588235
1.96 9.70588235294118
