0 0
0.4375 0
0.875 0
1.3125 0
1.75 -0.357142857142857
1.75 0
2.1875 -0.357142857142857
2.625 -0.357142857142857
3.0625 -0.357142857142857
3.5 -0.357142857142857
3.9375 -0.357142857142857
4.375 -0.357142857142857
4.8125 -0.357142857142857
5.25 -0.357142857142857
5.6875 -0.357142857142857
5.6875 0
6.125 -0.357142857142857
6.125 0
6.5625 0
7 0
6.5625 0.357142857142857
6.125 0.357142857142857
5.6875 0.714285714285714
5.25 1.07142857142857
5.25 1.42857142857143
4.8125 1.78571428571429
4.8125 2.14285714285714
4.375 2.5
4.375 2.85714285714286
3.9375 3.21428571428571
3.9375 3.57142857142857
3.9375 3.92857142857143
3.5 4.28571428571429
3.5 4.64285714285714
3.5 5
3.0625 5.35714285714286
3.0625 5.71428571428571
3.0625 6.07142857142857
3.0625 6.42857142857143
3.0625 6.78571428571429
2.625 7.14285714285714
2.625 7.5
2.625 7.85714285714286
2.625 8.21428571428571
2.625 8.57142857142857
2.625 8.92857142857143
2.625 9.28571428571429
2.1875 9.64285714285714
2.625 9.28571428571429
2.1875 9.64285714285714
