0 0
0.4375 0
0.875 0
1.3125 0
1.75 0
2.1875 0
2.625 0
3.0625 0
3.5 0
3.9375 0
4.375 0
4.8125 0
5.25 0
5.6875 0
6.125 0
6.5625 0
7 0
6.5625 0.3125
6.125 0.625
5.6875 0.9375
5.6875 1.25
5.25 1.5625
5.25 1.875
5.25 2.1875
4.8125 2.5
4.8125 2.8125
4.8125 3.125
4.8125 3.4375
4.375 3.75
4.375 4.0625
4.375 4.375
4.375 4.6875
3.9375 5.3125
3.9375 5.625
3.9375 5.9375
3.9375 6.25
3.9375 6.5625
3.9375 6.875
3.9375 7.1875
3.9375 7.5
3.9375 7.8125
3.9375 8.125
3.5 8.4375
3.5 8.75
3.5 9.0625
3.5 9.375
3.5 9.6875
3.5 10
3.5 9.6875
