0 0
-0.388888888888889 0
-0.777777777777778 0
-1.16666666666667 0
-1.55555555555556 0.357142857142857
-1.94444444444444 0.357142857142857
-2.33333333333333 0.714285714285714
-2.72222222222222 1.07142857142857
-3.11111111111111 1.42857142857143
-3.5 1.78571428571429
-4.27777777777778 2.14285714285714
-4.66666666666667 2.5
-4.66666666666667 2.85714285714286
-5.05555555555556 3.21428571428571
-5.05555555555556 3.92857142857143
-5.05555555555556 4.28571428571429
-5.05555555555556 4.64285714285714
-4.27777777777778 4.64285714285714
-4.27777777777778 5
-3.88888888888889 5.35714285714286
-2.72222222222222 5.35714285714286
-2.33333333333333 5.71428571428571
-1.55555555555556 5.71428571428571
-0.777777777777778 5.71428571428571
-0.388888888888889 6.07142857142857
0.388888888888889 6.07142857142857
0.777777777777778 6.42857142857143
1.16666666666667 6.78571428571429
1.55555555555556 7.14285714285714
1.55555555555556 7.5
1.94444444444444 7.85714285714286
1.55555555555556 8.57142857142857
1.16666666666667 8.92857142857143
0.777777777777778 9.28571428571429
0 9.64285714285714
-0.777777777777778 10
-1.16666666666667 10
-1.94444444444444 10
-3.11111111111111 10
-3.88888888888889 9.64285714285714
-4.66666666666667 9.28571428571429
-4.66666666666667 8.57142857142857
-5.05555555555556 7.85714285714286
-5.05555555555556 7.5
-5.05555555555556 7.14285714285714
-4.66666666666667 6.42857142857143
-3.88888888888889 6.07142857142857
-3.11111111111111 5.71428571428571
-2.33333333333333 5.71428571428571
-1.55555555555556 5.35714285714286
-0.777777777777778 5
0 4.28571428571429
0.388888888888889 3.92857142857143
0.388888888888889 3.57142857142857
0.777777777777778 2.85714285714286
0.388888888888889 2.5
0 2.14285714285714
-0.388888888888889 1.42857142857143
-0.777777777777778 1.07142857142857
-1.55555555555556 0.714285714285714
-1.94444444444444 0.714285714285714
-2.33333333333333 0.357142857142857
