0 0
-0.5 0.37037037037037
-1 0.37037037037037
-1.5 0.37037037037037
-2 0.740740740740741
-2.5 0.740740740740741
-3.5 1.11111111111111
-4 1.48148148148148
-4.5 1.85185185185185
-5 2.59259259259259
-5 2.96296296296296
-5 3.33333333333333
-5 4.07407407407407
-5 4.44444444444444
-4 4.44444444444444
-3 4.81481481481481
-2.5 5.18518518518519
-1.5 5.18518518518519
-0.5 5.18518518518519
0.5 5.18518518518519
1 5.55555555555556
1.5 5.55555555555556
2 5.92592592592593
2 6.2962962962963
2 6.66666666666667
2 7.03703703703704
2 7.40740740740741
2 7.77777777777778
1.5 8.51851851851852
1.5 8.88888888888889
1 9.25925925925926
0.5 9.62962962962963
-0.5 10
-1.5 10
-2 10
-2.5 10
-3.5 10
-4 10
-4.5 9.62962962962963
-4.5 9.25925925925926
-4.5 8.51851851851852
-4.5 7.77777777777778
-4 7.40740740740741
-4 7.03703703703704
-3 5.92592592592593
-2.5 5.55555555555556
-2 4.81481481481481
-0.5 4.07407407407407
0.5 3.7037037037037
1 3.33333333333333
1.5 2.59259259259259
2 1.85185185185185
1.5 1.48148148148148
