0 0
-0.368421052631579 0.384615384615385
-0.736842105263158 0.384615384615385
-1.47368421052632 0.769230769230769
-1.84210526315789 1.15384615384615
-2.57894736842105 1.53846153846154
-2.94736842105263 1.53846153846154
-3.68421052631579 1.92307692307692
-4.05263157894737 2.69230769230769
-4.42105263157895 3.07692307692308
-4.42105263157895 3.46153846153846
-4.42105263157895 4.23076923076923
-4.05263157894737 4.61538461538462
-3.31578947368421 5
-2.94736842105263 5.38461538461539
-2.21052631578947 5.76923076923077
-1.47368421052632 5.76923076923077
-0.736842105263158 6.15384615384615
0.368421052631579 6.15384615384615
1.10526315789474 6.53846153846154
1.47368421052632 6.53846153846154
2.21052631578947 6.92307692307692
2.57894736842105 7.30769230769231
2.57894736842105 8.07692307692308
2.57894736842105 8.46153846153846
2.21052631578947 8.84615384615385
1.84210526315789 9.23076923076923
1.47368421052632 9.61538461538462
0.736842105263158 9.61538461538462
0 10
-0.736842105263158 10
-1.47368421052632 10
-2.57894736842105 9.61538461538462
-2.94736842105263 9.23076923076923
-3.31578947368421 8.46153846153846
-3.68421052631579 8.07692307692308
-3.68421052631579 7.69230769230769
-2.94736842105263 6.92307692307692
-2.57894736842105 6.53846153846154
-2.21052631578947 6.15384615384615
-1.84210526315789 5.76923076923077
-1.10526315789474 5.38461538461539
-0.368421052631579 4.61538461538462
0.368421052631579 4.23076923076923
0.368421052631579 3.84615384615385
0.736842105263158 3.07692307692308
0.368421052631579 2.69230769230769
0 2.30769230769231
0 1.53846153846154
-0.368421052631579 1.15384615384615
-0.736842105263158 0.769230769230769
-1.10526315789474 0.384615384615385
-1.47368421052632 0.384615384615385
-1.10526315789474 0.769230769230769
