0 0
0 0
0 0
0 0
0 0
-1 0
-1 0
-6 0
-7 0
-9 1
-11 4
-11 4
-12 5
-12 6
-12 8
-12 9
-12 9
-11 13
-10 14
-8 14
-8 14
-6 15
-4 15
-3 16
-2 16
0 17
5 19
8 21
8 21
10 25
11 29
11 29
11 29
11 30
10 32
9 33
7 35
6 36
6 37
1 39
0 40
0 40
-1 41
-2 41
-3 41
-5 41
-7 40
-11 37
-12 36
-12 35
-13 35
-13 35
-13 31
-13 31
-13 28
-13 27
-13 27
-13 26
-13 25
-13 25
-13 24
-12 22
-12 21
-11 21
-9 19
-8 18
-7 17
-6 16
-5 16
-5 16
-4 15
-4 15
-3 15
0 12
2 10
3 10
5 7
5 7
5 6
6 5
6 4
6 4
6 3
6 0
6 0
5 -1
5 -1
4 -1
4 -1
