0 0
-0.466666666666667 0
-0.933333333333333 0
-0.933333333333333 -0.37037037037037
-1.4 -0.37037037037037
-1.86666666666667 -0.37037037037037
-2.33333333333333 -0.37037037037037
-2.8 -0.37037037037037
-3.26666666666667 0
-3.73333333333333 0
-4.2 0.37037037037037
-4.66666666666667 0.740740740740741
-5.13333333333333 1.11111111111111
-5.13333333333333 1.48148148148148
-5.13333333333333 1.85185185185185
-4.66666666666667 2.22222222222222
-4.66666666666667 2.59259259259259
-4.2 2.59259259259259
-4.2 2.96296296296296
-3.73333333333333 2.96296296296296
-3.26666666666667 3.33333333333333
-2.8 3.33333333333333
-2.8 3.7037037037037
-2.33333333333333 3.7037037037037
-1.86666666666667 4.07407407407407
-1.4 4.44444444444444
-0.933333333333333 4.81481481481481
-0.466666666666667 5.18518518518519
0 5.55555555555556
0 5.92592592592593
0 6.2962962962963
0 6.66666666666667
0.466666666666667 6.66666666666667
0.466666666666667 7.03703703703704
0.466666666666667 7.40740740740741
0 7.77777777777778
0 8.14814814814815
-0.466666666666667 8.51851851851852
-0.933333333333333 8.88888888888889
-1.4 8.88888888888889
-1.86666666666667 9.25925925925926
-2.33333333333333 9.25925925925926
-2.8 9.25925925925926
-3.26666666666667 9.25925925925926
-3.73333333333333 9.62962962962963
-4.2 9.25925925925926
-4.66666666666667 9.25925925925926
-5.13333333333333 9.25925925925926
-5.6 9.25925925925926
-6.06666666666667 8.88888888888889
-6.06666666666667 8.51851851851852
-6.53333333333333 8.14814814814815
-6.53333333333333 7.77777777777778
-6.53333333333333 7.40740740740741
-6.06666666666667 7.03703703703704
-6.06666666666667 6.66666666666667
-5.6 6.2962962962963
-5.6 5.92592592592593
-5.13333333333333 5.55555555555556
-4.66666666666667 5.55555555555556
-4.2 5.18518518518519
-3.73333333333333 5.18518518518519
-3.73333333333333 4.81481481481481
-3.26666666666667 4.81481481481481
-2.8 4.44444444444444
-2.33333333333333 4.07407407407407
-1.86666666666667 3.7037037037037
-1.86666666666667 3.33333333333333
-1.4 3.33333333333333
-1.4 2.96296296296296
-1.4 2.59259259259259
-0.933333333333333 2.22222222222222
-0.466666666666667 1.85185185185185
-0.466666666666667 1.48148148148148
-0.466666666666667 1.85185185185185
