0 0
0 0
0 0
0 0
0 0
-1 0
-1 0
-2 0
-3 0
-3 1
-5 2
-6 5
-6 5
-6 6
-6 6
-6 6
-6 7
-6 10
-6 10
-6 11
-6 11
-6 11
-5 12
-4 13
-4 13
-3 14
0 14
0 15
6 15
7 16
8 16
10 17
11 17
11 17
11 18
11 18
13 23
13 26
12 30
9 33
8 34
8 34
3 37
2 37
1 37
1 37
0 37
0 37
-1 37
-2 37
-3 37
-8 33
-9 32
-10 31
-10 31
-10 29
-11 26
-10 23
-9 22
-9 21
-8 20
-8 20
-8 20
-8 20
-5 17
-3 16
-1 16
0 15
0 15
1 15
1 15
2 15
2 15
3 15
4 15
4 14
5 14
6 13
8 10
8 10
9 8
9 7
9 6
9 6
7 2
7 2
5 0
4 0
3 0
2 0
