0 0
-0.411764705882353 0
-0.823529411764706 0
-0.823529411764706 -0.303030303030303
-1.23529411764706 -0.303030303030303
-1.64705882352941 -0.303030303030303
-2.05882352941176 -0.303030303030303
-2.47058823529412 0
-2.88235294117647 0.303030303030303
-3.29411764705882 0.606060606060606
-3.70588235294118 0.909090909090909
-4.11764705882353 1.21212121212121
-4.11764705882353 1.51515151515152
-4.11764705882353 1.81818181818182
-4.52941176470588 2.12121212121212
-4.11764705882353 2.42424242424242
-4.11764705882353 2.72727272727273
-3.70588235294118 3.03030303030303
-3.70588235294118 3.33333333333333
-3.29411764705882 3.33333333333333
-2.88235294117647 3.63636363636364
-2.47058823529412 3.63636363636364
-2.47058823529412 3.93939393939394
-2.05882352941176 3.93939393939394
-1.64705882352941 4.24242424242424
-1.23529411764706 4.24242424242424
-0.823529411764706 4.54545454545455
-0.411764705882353 4.54545454545455
-0.411764705882353 4.84848484848485
0 4.84848484848485
0.411764705882353 5.15151515151515
0.823529411764706 5.15151515151515
0.823529411764706 5.45454545454545
1.23529411764706 5.75757575757576
1.64705882352941 5.75757575757576
1.64705882352941 6.06060606060606
2.05882352941176 6.36363636363636
2.47058823529412 6.66666666666667
2.47058823529412 6.96969696969697
2.47058823529412 7.27272727272727
2.47058823529412 7.57575757575758
2.05882352941176 8.18181818181818
1.64705882352941 8.48484848484848
1.23529411764706 8.78787878787879
0.823529411764706 9.09090909090909
0.411764705882353 9.39393939393939
-0.411764705882353 9.6969696969697
-0.823529411764706 9.6969696969697
-1.23529411764706 9.6969696969697
-1.64705882352941 9.6969696969697
-2.05882352941176 9.39393939393939
-2.47058823529412 9.39393939393939
-2.88235294117647 9.39393939393939
-3.29411764705882 9.39393939393939
-3.70588235294118 9.09090909090909
-4.11764705882353 9.09090909090909
-4.11764705882353 8.78787878787879
-4.11764705882353 8.48484848484848
-4.11764705882353 8.18181818181818
-3.70588235294118 7.87878787878788
-3.70588235294118 7.57575757575758
-3.70588235294118 7.27272727272727
-3.29411764705882 7.27272727272727
-3.29411764705882 6.66666666666667
-3.29411764705882 6.36363636363636
-2.88235294117647 6.06060606060606
-2.88235294117647 5.45454545454545
-2.47058823529412 5.15151515151515
-2.47058823529412 4.84848484848485
-2.05882352941176 4.54545454545455
-2.05882352941176 4.24242424242424
-1.64705882352941 3.93939393939394
-1.23529411764706 3.63636363636364
-1.23529411764706 3.33333333333333
-0.823529411764706 3.03030303030303
-0.411764705882353 2.72727272727273
0 2.42424242424242
0.411764705882353 2.12121212121212
0.823529411764706 1.81818181818182
1.23529411764706 1.51515151515152
1.23529411764706 1.21212121212121
