0 0
0 -0.303030303030303
-0.4375 -0.303030303030303
-0.875 -0.606060606060606
-1.3125 -0.606060606060606
-2.1875 -0.909090909090909
-2.625 -0.909090909090909
-3.5 -0.606060606060606
-4.375 -0.606060606060606
-5.25 -0.303030303030303
-5.6875 0
-6.5625 0.606060606060606
-6.5625 0.909090909090909
-7 1.51515151515152
-7 2.12121212121212
-6.5625 2.42424242424242
-6.125 3.03030303030303
-5.6875 3.33333333333333
-4.8125 3.63636363636364
-3.5 3.63636363636364
-2.625 3.93939393939394
-1.75 3.93939393939394
-0.875 3.63636363636364
-0.4375 3.33333333333333
-0.4375 3.03030303030303
0 2.42424242424242
0 1.81818181818182
-0.4375 1.51515151515152
0 0.909090909090909
-0.4375 0.909090909090909
-0.4375 1.21212121212121
-0.875 1.81818181818182
-0.4375 2.42424242424242
-0.4375 3.03030303030303
-0.4375 3.63636363636364
-0.4375 3.93939393939394
-0.4375 4.54545454545455
-0.4375 5.15151515151515
-0.4375 5.45454545454545
-0.4375 6.06060606060606
-0.4375 6.66666666666667
0 6.96969696969697
0 7.57575757575758
0 7.87878787878788
0 8.48484848484848
0 8.78787878787879
0 9.09090909090909
0 8.78787878787879
