0 0
0 -0.333333333333333
-0.538461538461538 -0.333333333333333
-0.538461538461538 -0.666666666666667
-1.07692307692308 -0.666666666666667
-1.61538461538462 -0.666666666666667
-1.61538461538462 -1
-2.15384615384615 -1
-2.69230769230769 -1
-3.23076923076923 -1
-3.76923076923077 -1
-4.30769230769231 -0.666666666666667
-4.84615384615385 -0.333333333333333
-5.38461538461539 0
-5.92307692307692 0.333333333333333
-5.92307692307692 0.666666666666667
-6.46153846153846 0.666666666666667
-6.46153846153846 1
-6.46153846153846 1.33333333333333
-6.46153846153846 1.66666666666667
-6.46153846153846 2
-6.46153846153846 2.33333333333333
-5.92307692307692 2.66666666666667
-5.38461538461539 3
-4.84615384615385 3
-4.30769230769231 3
-3.76923076923077 3
-3.23076923076923 3
-2.69230769230769 3
-2.15384615384615 2.66666666666667
-1.61538461538462 2.33333333333333
-1.07692307692308 2
-0.538461538461538 1.66666666666667
0 1.33333333333333
0 1
0.538461538461538 0.666666666666667
0 0.666666666666667
0 1
0 1.33333333333333
-0.538461538461538 1.66666666666667
0 1.66666666666667
-0.538461538461538 2
-0.538461538461538 2.33333333333333
-0.538461538461538 2.66666666666667
-0.538461538461538 3
-0.538461538461538 3.33333333333333
-0.538461538461538 3.66666666666667
-0.538461538461538 4
-0.538461538461538 4.33333333333333
-1.07692307692308 4.66666666666667
-1.07692307692308 5
-1.07692307692308 5.33333333333333
-1.07692307692308 5.66666666666667
-1.07692307692308 6
-1.07692307692308 6.33333333333333
-1.07692307692308 6.66666666666667
-1.07692307692308 7
-1.07692307692308 7.33333333333333
-1.07692307692308 7.66666666666667
-1.07692307692308 8
-1.07692307692308 8.33333333333333
-0.538461538461538 8.33333333333333
-1.07692307692308 8.66666666666667
-0.538461538461538 8.66666666666667
-1.07692307692308 9
-0.538461538461538 9
-0.538461538461538 8.66666666666667
