0 0
0 -0.27027027027027
-0.5 -0.27027027027027
-1 -0.27027027027027
-2 -0.27027027027027
-2.5 -0.27027027027027
-3 -0.27027027027027
-4 -0.27027027027027
-4.5 0
-5 0
-6 0.27027027027027
-6.5 0.540540540540541
-7 1.08108108108108
-7 1.35135135135135
-7 1.89189189189189
-7 2.16216216216216
-7 2.7027027027027
-7 2.97297297297297
-6.5 3.24324324324324
-6 3.51351351351351
-5 3.51351351351351
-4.5 3.78378378378378
-3.5 4.05405405405405
-3 3.78378378378378
-2.5 3.78378378378378
-2 3.51351351351351
-1.5 2.97297297297297
-1 2.43243243243243
-1 1.89189189189189
-1 1.62162162162162
-0.5 1.08108108108108
-0.5 0.810810810810811
0 0.810810810810811
-0.5 1.35135135135135
-0.5 1.62162162162162
-0.5 1.89189189189189
-0.5 2.7027027027027
-0.5 3.24324324324324
-0.5 3.51351351351351
-0.5 4.05405405405405
-0.5 4.32432432432432
-0.5 4.86486486486486
-0.5 5.40540540540541
-0.5 5.94594594594595
-0.5 6.48648648648649
-0.5 6.75675675675676
-0.5 7.2972972972973
-0.5 7.83783783783784
-0.5 8.37837837837838
-1 8.91891891891892
-1 9.18918918918919
-1 9.45945945945946
-1 9.72972972972973
