0 0
-0.538461538461538 0
0 -0.277777777777778
-0.538461538461538 -0.277777777777778
-0.538461538461538 -0.555555555555556
-1.07692307692308 -0.555555555555556
-1.61538461538462 -0.555555555555556
-1.61538461538462 -0.833333333333333
-2.15384615384615 -0.833333333333333
-2.69230769230769 -0.833333333333333
-3.23076923076923 -0.833333333333333
-3.76923076923077 -0.555555555555556
-4.30769230769231 -0.555555555555556
-4.84615384615385 -0.277777777777778
-5.38461538461539 0
-5.92307692307692 0.277777777777778
-6.46153846153846 0.555555555555556
-6.46153846153846 0.833333333333333
-6.46153846153846 1.38888888888889
-7 1.38888888888889
-7 1.66666666666667
-7 1.94444444444444
-7 2.22222222222222
-6.46153846153846 2.22222222222222
-6.46153846153846 2.5
-5.92307692307692 2.5
-5.38461538461539 2.5
-4.84615384615385 2.5
-4.30769230769231 2.5
-4.30769230769231 2.22222222222222
-3.76923076923077 2.22222222222222
-3.23076923076923 1.94444444444444
-2.69230769230769 1.66666666666667
-2.15384615384615 1.38888888888889
-1.61538461538462 1.11111111111111
-1.61538461538462 0.833333333333333
-1.07692307692308 0.555555555555556
-1.07692307692308 0.277777777777778
-1.07692307692308 0.555555555555556
-1.07692307692308 0.833333333333333
-1.07692307692308 1.11111111111111
-1.07692307692308 1.38888888888889
-1.61538461538462 1.66666666666667
-1.61538461538462 1.94444444444444
-1.61538461538462 2.22222222222222
-1.61538461538462 2.5
-2.15384615384615 2.77777777777778
-2.15384615384615 3.05555555555556
-2.15384615384615 3.33333333333333
-2.15384615384615 3.61111111111111
-2.15384615384615 3.88888888888889
-2.15384615384615 4.16666666666667
-2.15384615384615 4.44444444444444
-2.15384615384615 4.72222222222222
-2.15384615384615 5
-2.15384615384615 5.27777777777778
-2.69230769230769 5.83333333333333
-2.69230769230769 6.11111111111111
-2.69230769230769 6.38888888888889
-2.69230769230769 6.66666666666667
-2.69230769230769 6.94444444444444
-2.69230769230769 7.22222222222222
-2.69230769230769 7.5
-2.69230769230769 7.77777777777778
-2.69230769230769 8.05555555555556
-2.69230769230769 8.33333333333333
-2.69230769230769 8.61111111111111
-3.23076923076923 8.88888888888889
-2.69230769230769 8.88888888888889
-3.23076923076923 9.16666666666667
