0 0
0 -0.25
-0.368421052631579 -0.25
-1.10526315789474 -0.5
-1.84210526315789 -0.5
-2.57894736842105 -0.75
-3.31578947368421 -0.75
-4.05263157894737 -0.75
-5.15789473684211 -0.5
-5.52631578947368 -0.5
-6.26315789473684 0
-6.63157894736842 0.25
-7 0.75
-7 1
-7 1.5
-7 2
-6.63157894736842 2.25
-6.63157894736842 2.75
-6.26315789473684 3.25
-5.89473684210526 3.5
-5.52631578947368 3.75
-5.15789473684211 3.75
-4.42105263157895 4
-3.68421052631579 4
-2.94736842105263 4
-2.21052631578947 3.75
-1.84210526315789 3.75
-1.47368421052632 3.5
-1.10526315789474 3
-1.10526315789474 2.75
-0.736842105263158 2.25
-0.736842105263158 1.75
-0.736842105263158 1.5
-0.736842105263158 1
-0.368421052631579 0.5
-0.368421052631579 0.25
-0.368421052631579 0.75
-0.736842105263158 1.25
-0.736842105263158 1.5
-0.736842105263158 2.25
-1.10526315789474 2.75
-1.10526315789474 3.25
-1.10526315789474 3.75
-1.10526315789474 4.25
-1.10526315789474 4.75
-1.10526315789474 5
-1.10526315789474 5.5
-1.10526315789474 6
-1.10526315789474 6.5
-1.10526315789474 7
-1.10526315789474 7.5
-1.10526315789474 8
-1.10526315789474 8.25
-1.47368421052632 8.5
-1.10526315789474 8.5
-1.10526315789474 8.75
-1.10526315789474 9
-1.10526315789474 9.25
-0.736842105263158 9
-0.736842105263158 8.75
-0.736842105263158 9
